v 20130925 2
C 40000 40000 0 0 0 title-B.sym
C 42300 40800 1 0 0 battery-1.sym
{
T 42600 41700 5 10 0 0 0 0 1
device=BATTERY
T 42400 41300 5 10 1 1 0 0 1
refdes=Vb2 = 9v
T 42600 42100 5 10 0 0 0 0 1
symversion=0.1
}
C 41200 40800 1 0 0 battery-1.sym
{
T 41500 41700 5 10 0 0 0 0 1
device=BATTERY
T 41200 41300 5 10 1 1 0 0 1
refdes=Vb1 = 9v
T 41500 42100 5 10 0 0 0 0 1
symversion=0.1
}
C 52400 49100 1 0 0 opamp-1.sym
{
T 53100 49900 5 10 0 0 0 0 1
device=OPAMP
T 53100 49700 5 10 1 1 0 0 1
refdes=OP37
T 53100 50500 5 10 0 0 0 0 1
symversion=0.1
}
C 52400 45600 1 0 0 opamp-1.sym
{
T 53100 46400 5 10 0 0 0 0 1
device=OPAMP
T 53100 46200 5 10 1 1 0 0 1
refdes=OP37
T 53100 47000 5 10 0 0 0 0 1
symversion=0.1
}
C 42000 40400 1 0 0 gnd-1.sym
N 42100 40700 42100 41000 4
N 41900 41000 42300 41000 4
C 40500 41000 1 0 0 vcc-2.sym
C 52700 46600 1 0 0 vcc-2.sym
C 52700 50100 1 0 0 vcc-2.sym
C 52600 44800 1 0 0 vcc-minus-1.sym
C 52600 48300 1 0 0 vcc-minus-1.sym
C 43200 40400 1 0 0 vcc-minus-1.sym
N 52900 50100 52900 49900 4
N 52900 49100 52900 48900 4
N 52900 46400 52900 46600 4
N 52900 45400 52900 45600 4
N 40700 41000 41200 41000 4
N 43000 41000 43500 41000 4
C 54000 49000 1 0 0 npn-3.sym
{
T 54900 49500 5 10 0 0 0 0 1
device=NPN_TRANSISTOR
T 54900 49500 5 10 1 1 0 0 1
refdes=2N3904
}
C 54000 45500 1 0 0 npn-3.sym
{
T 54900 46000 5 10 0 0 0 0 1
device=NPN_TRANSISTOR
T 54900 46000 5 10 1 1 0 0 1
refdes=2N3904
}
N 54600 46500 54600 46600 4
N 54600 46600 52900 46600 4
N 54600 50000 54600 50100 4
N 54600 50100 52900 50100 4
C 51100 49200 1 0 0 resistor-1.sym
{
T 51400 49600 5 10 0 0 0 0 1
device=RESISTOR
T 51300 49500 5 10 1 1 0 0 1
refdes=100k
}
C 51100 45700 1 0 0 resistor-1.sym
{
T 51400 46100 5 10 0 0 0 0 1
device=RESISTOR
T 51300 46000 5 10 1 1 0 0 1
refdes=100k
}
C 52400 44100 1 0 0 resistor-1.sym
{
T 52700 44500 5 10 0 0 0 0 1
device=RESISTOR
T 52700 44400 5 10 1 1 0 0 1
refdes=200k
}
C 52400 47600 1 0 0 resistor-1.sym
{
T 52700 48000 5 10 0 0 0 0 1
device=RESISTOR
T 52700 47900 5 10 1 1 0 0 1
refdes=200k
}
N 52000 49300 52400 49300 4
N 52400 49300 52400 47700 4
N 53300 47700 53400 47700 4
N 53400 47700 53400 49500 4
N 53400 49500 54000 49500 4
N 52000 45800 52400 45800 4
N 52400 45800 52400 44200 4
N 53300 44200 53400 44200 4
N 53400 44200 53400 46000 4
N 53400 46000 54000 46000 4
C 55400 48000 1 0 0 dc_motor-1.sym
{
T 55800 49000 5 10 0 0 0 0 1
device=DC_MOTOR
T 55900 48600 5 10 1 1 0 0 1
refdes=ML
}
C 55400 44500 1 0 0 dc_motor-1.sym
{
T 55800 45500 5 10 0 0 0 0 1
device=DC_MOTOR
T 55900 45100 5 10 1 1 0 0 1
refdes=MR
}
C 55500 44000 1 0 0 gnd-1.sym
C 55500 47500 1 0 0 gnd-1.sym
N 55600 48000 55600 47800 4
N 55600 44500 55600 44300 4
N 55600 45500 54600 45500 4
N 55600 49000 54600 49000 4
C 50900 48700 1 0 0 gnd-1.sym
C 50900 45200 1 0 0 gnd-1.sym
N 51100 49300 51000 49300 4
N 51000 49300 51000 49000 4
N 51100 45800 51000 45800 4
N 51000 45800 51000 45500 4
C 48100 43800 1 0 0 resistor-1.sym
{
T 48400 44200 5 10 0 0 0 0 1
device=RESISTOR
T 48400 44100 5 10 1 1 0 0 1
refdes=1k
}
C 48100 42800 1 0 0 capacitor-1.sym
{
T 48300 43500 5 10 0 0 0 0 1
device=CAPACITOR
T 48300 43300 5 10 1 1 0 0 1
refdes=0.1 uF
T 48300 43700 5 10 0 0 0 0 1
symversion=0.1
}
C 43600 43800 1 0 0 resistor-1.sym
{
T 43900 44200 5 10 0 0 0 0 1
device=RESISTOR
T 43900 44100 5 10 1 1 0 0 1
refdes=1k
}
C 43600 42800 1 0 0 capacitor-1.sym
{
T 43800 43500 5 10 0 0 0 0 1
device=CAPACITOR
T 43800 43700 5 10 0 0 0 0 1
symversion=0.1
T 43800 43300 5 10 1 1 0 0 1
refdes=0.1 uF
}
C 45100 43800 1 0 0 resistor-1.sym
{
T 45400 44200 5 10 0 0 0 0 1
device=RESISTOR
T 45400 44100 5 10 1 1 0 0 1
refdes=1k
}
C 45100 42800 1 0 0 capacitor-1.sym
{
T 45300 43500 5 10 0 0 0 0 1
device=CAPACITOR
T 45300 43700 5 10 0 0 0 0 1
symversion=0.1
T 45300 43300 5 10 1 1 0 0 1
refdes=0.1 uF
}
C 46600 43800 1 0 0 resistor-1.sym
{
T 46900 44200 5 10 0 0 0 0 1
device=RESISTOR
T 46900 44100 5 10 1 1 0 0 1
refdes=1k
}
C 46600 42800 1 0 0 capacitor-1.sym
{
T 46800 43500 5 10 0 0 0 0 1
device=CAPACITOR
T 46800 43700 5 10 0 0 0 0 1
symversion=0.1
T 46800 43300 5 10 1 1 0 0 1
refdes=0.1 uF
}
C 44400 42300 1 0 0 gnd-1.sym
C 45900 42300 1 0 0 gnd-1.sym
C 47400 42300 1 0 0 gnd-1.sym
N 44500 42600 44500 43000 4
N 43600 43000 43600 43900 4
N 45100 43000 45100 43900 4
N 46000 43000 46000 42600 4
N 47500 43000 47500 42600 4
N 46600 43000 46600 43900 4
C 48900 42300 1 0 0 gnd-1.sym
N 49000 43000 49000 42600 4
N 48100 43000 48100 43900 4
